{
 "cells": [
  {
   "cell_type": "code",
   "execution_count": 1,
   "metadata": {},
   "outputs": [],
   "source": [
    "%load_ext autoreload\n",
    "%autoreload 2\n",
    "%matplotlib widget\n",
    "from common_import import *\n",
    "\n",
    "root_3dhp = f'/home/{user}/Datasets/HAAI/3DHP'\n",
    "source = 'original' # \n",
    "root_original = os.path.join(root_3dhp, source)\n",
    "train_folder = os.path.join(root_original, 'train')\n",
    "test_folder = os.path.join(root_original, 'test')"
   ]
  },
  {
   "cell_type": "code",
   "execution_count": 2,
   "metadata": {},
   "outputs": [
    {
     "name": "stdout",
     "output_type": "stream",
     "text": [
      "{'TS2': {'num_frame': 6080, 'W': 2048, 'H': 2048}, 'TS5': {'num_frame': 320, 'W': 1920, 'H': 1080}, 'TS4': {'num_frame': 6009, 'W': 2048, 'H': 2048}, 'TS1': {'num_frame': 6151, 'W': 2048, 'H': 2048}, 'TS3': {'num_frame': 5839, 'W': 2048, 'H': 2048}, 'TS6': {'num_frame': 492, 'W': 1920, 'H': 1080}}\n"
     ]
    },
    {
     "data": {
      "text/plain": [
       "['S1', 'S6', 'S4', 'S3', 'S5', 'S8', 'S7', 'S2']"
      ]
     },
     "execution_count": 2,
     "metadata": {},
     "output_type": "execute_result"
    }
   ],
   "source": [
    "# Test video info\n",
    "video_info = {'train': {}, 'test': {}}\n",
    "\n",
    "# test\n",
    "for subject in os.listdir(test_folder):\n",
    "    if 'TS' not in subject: continue\n",
    "    video_info['test'][subject] = {}\n",
    "    num_frame = len(os.listdir(f'/home/hrai/Datasets/HAAI/3DHP/original/test/{subject}/imageSequence'))\n",
    "    #img_list = natsorted(glob(f'/home/hrai/Datasets/HAAI/3DHP/original/test/{subject}/imageSequence/*.jpg'))\n",
    "    img = get_img_frame_3dhp('test', subject, 1)\n",
    "    H, W, C = img.shape\n",
    "    video_info['test'][subject]['num_frame'] = num_frame\n",
    "    video_info['test'][subject]['W'] = W\n",
    "    video_info['test'][subject]['H'] = H\n",
    "print(video_info['test'])\n",
    "\n",
    "# train\n",
    "os.listdir(train_folder)"
   ]
  },
  {
   "cell_type": "markdown",
   "metadata": {},
   "source": [
    "### Trainset"
   ]
  },
  {
   "cell_type": "code",
   "execution_count": null,
   "metadata": {},
   "outputs": [],
   "source": [
    "# train camera parameters\n",
    "f = open(os.path.join(train_folder, 'S1', 'Seq1', 'camera.calibration'), 'r')\n",
    "lines = f.readlines()\n",
    "name = -1\n",
    "cam_dict = {}\n",
    "\n",
    "for line in lines:\n",
    "    item = line.strip().split(' ')\n",
    "    item_type = item[0]\n",
    "    #print(item)\n",
    "    if item_type == 'name':\n",
    "        name = f'cam{item[-1]}'\n",
    "        cam_dict[name] = {}\n",
    "    elif item_type == 'intrinsic':\n",
    "        fx = float(item[3])\n",
    "        cx = float(item[5])\n",
    "        fy = float(item[8])\n",
    "        cy = float(item[9])\n",
    "        intrinsic = np.array([[fx, 0, cx], [0, fy, cy], [0, 0, 1]])\n",
    "        cam_dict[name]['intrinsic'] = intrinsic\n",
    "    elif item_type == 'extrinsic':\n",
    "        R = np.array([[float(item[3]), float(item[4]), float(item[5])], [float(item[7]), float(item[8]), float(item[9]),], [float(item[11]), float(item[12]), float(item[13])]])\n",
    "        t = np.array([float(item[6]), float(item[10]), float(item[14])])/1000\n",
    "        C = -R.T@t\n",
    "        #print(R.shape, t.shape)\n",
    "        cam_dict[name]['R'] = R\n",
    "        cam_dict[name]['t'] = t\n",
    "        cam_dict[name]['C'] = C\n",
    "        cam_dict[name]['extrinsic'] = np.hstack((R, t.reshape(-1, 1)))\n",
    "    elif item_type == 'size':\n",
    "        cam_dict[name]['W'] = float(item[-2])\n",
    "        cam_dict[name]['H'] = float(item[-1])\n",
    "\n",
    "savepkl(cam_dict, f'/home/{user}/codes/MotionBERT/custom_codes/dataset_generation/3dhp/3dhp_train_cam_params.pkl')"
   ]
  },
  {
   "cell_type": "markdown",
   "metadata": {},
   "source": [
    "### Testset"
   ]
  },
  {
   "cell_type": "code",
   "execution_count": 3,
   "metadata": {},
   "outputs": [
    {
     "name": "stdout",
     "output_type": "stream",
     "text": [
      "R: [[ 5.75281000e-04 -2.08215000e-01  9.78083371e-01]\n",
      " [ 6.16098000e-02  9.76233000e-01  2.07784794e-01]\n",
      " [-9.98100000e-01  6.01400000e-02  1.33896928e-02]]\n",
      "R: [[-0.93964726  0.02527235 -0.34121028]\n",
      " [-0.00921029  0.99503851  0.09906346]\n",
      " [ 0.34202093  0.09622737 -0.93475244]]\n",
      "6151\n",
      "6080\n",
      "5839\n",
      "6009\n",
      "320\n",
      "492\n"
     ]
    }
   ],
   "source": [
    "cam_info_3dhp_test = get_3dhp_cam_info('test')\n",
    "\n",
    "cam_dict = {}\n",
    "for subject in ['TS1', 'TS2', 'TS3', 'TS4', 'TS5', 'TS6']:\n",
    "    if subject in ['TS1', 'TS2', 'TS3', 'TS4']: info_key = 'test_cam_1_4'\n",
    "    elif subject in ['TS5', 'TS6']: info_key = 'test_cam_5_6'\n",
    "\n",
    "    R = cam_info_3dhp_test[info_key]['R']\n",
    "    t = cam_info_3dhp_test[info_key]['t']\n",
    "    C = cam_info_3dhp_test[info_key]['C']\n",
    "    W = video_info['test'][subject]['W']\n",
    "    H = video_info['test'][subject]['H']\n",
    "    num_frames = video_info['test'][subject]['num_frame']\n",
    "\n",
    "    extrinsic = np.hstack((R, t.reshape(-1, 1)))\n",
    "    intrinsic = convert_intrinsic_from_mm_to_pixel(cam_info_3dhp_test[info_key]['sensor_size'],\n",
    "                                                   cam_info_3dhp_test[info_key]['focal_length'],\n",
    "                                                   cam_info_3dhp_test[info_key]['center_offset'],\n",
    "                                                   W,\n",
    "                                                   H)\n",
    "\n",
    "    cam_param = {'R': R,\n",
    "                 't': t,\n",
    "                 'C': C,\n",
    "                 'intrinsic': intrinsic,\n",
    "                 'extrinsic': extrinsic,\n",
    "                 'num_frames': num_frames,\n",
    "                 'W': W,\n",
    "                 'H': H}\n",
    "    print(num_frames)\n",
    "    cam_dict[subject] = cam_param\n",
    "\n",
    "savepkl(cam_dict, f'/home/{user}/codes/MotionBERT/custom_codes/dataset_generation/3dhp/3dhp_test_cam_params.pkl')"
   ]
  },
  {
   "cell_type": "code",
   "execution_count": 9,
   "metadata": {},
   "outputs": [
    {
     "data": {
      "text/plain": [
       "(dict_keys(['TS1', 'TS2', 'TS3', 'TS4', 'TS5', 'TS6']),\n",
       " dict_keys(['TS1', 'TS2', 'TS3', 'TS4', 'TS5', 'TS6']))"
      ]
     },
     "execution_count": 9,
     "metadata": {},
     "output_type": "execute_result"
    }
   ],
   "source": [
    "cam_dict = readpkl(f'/home/{user}/codes/MotionBERT/custom_codes/dataset_generation/3dhp/3dhp_test_cam_params.pkl')\n",
    "data_dict, cam_params = load_3dhp_original('test')\n",
    "data_dict.keys(), cam_params.keys()"
   ]
  },
  {
   "cell_type": "markdown",
   "metadata": {},
   "source": [
    "### Check "
   ]
  },
  {
   "cell_type": "code",
   "execution_count": 26,
   "metadata": {},
   "outputs": [
    {
     "name": "stdout",
     "output_type": "stream",
     "text": [
      "4\n",
      "[overwrite: False] ==> Loading 3DHP source_list...\n",
      "4\n",
      "[overwrite: True] ==> Loading 3DHP cam_param...\n"
     ]
    },
    {
     "name": "stdout",
     "output_type": "stream",
     "text": [
      "dict_keys(['cam0', 'cam1', 'cam2', 'cam3', 'cam4', 'cam5', 'cam6', 'cam7', 'cam8', 'cam9', 'cam10', 'cam11', 'cam12', 'cam13', 'TS1', 'TS2', 'TS3', 'TS4', 'TS5', 'TS6'])\n"
     ]
    },
    {
     "name": "stderr",
     "output_type": "stream",
     "text": [
      "100%|██████████| 230/230 [00:00<00:00, 234148.04it/s]"
     ]
    },
    {
     "name": "stdout",
     "output_type": "stream",
     "text": [
      "4797\n",
      "6245\n",
      "5015\n",
      "5216\n",
      "5532\n",
      "5645\n",
      "6184\n",
      "5026\n",
      "5175\n",
      "5362\n",
      "6266\n",
      "5814\n",
      "5530\n",
      "4883\n",
      "10865\n",
      "11977\n",
      "10830\n",
      "10817\n",
      "11266\n",
      "12106\n",
      "11847\n",
      "10832\n",
      "11648\n",
      "11860\n",
      "12037\n",
      "11891\n",
      "11428\n",
      "9371\n",
      "5395\n",
      "5788\n",
      "4162\n",
      "4879\n",
      "5345\n",
      "6207\n",
      "5702\n",
      "4809\n",
      "6206\n",
      "6268\n",
      "5943\n",
      "6295\n",
      "5959\n",
      "4880\n",
      "5623\n",
      "5946\n",
      "5681\n",
      "5707\n",
      "5335\n",
      "5932\n",
      "5917\n",
      "3872\n",
      "5929\n",
      "5934\n",
      "6081\n",
      "5961\n",
      "5750\n",
      "5409\n",
      "11711\n",
      "11924\n",
      "10904\n",
      "11014\n",
      "10674\n",
      "11986\n",
      "11906\n",
      "9402\n",
      "11880\n",
      "12297\n",
      "11494\n",
      "12489\n",
      "12391\n",
      "9751\n",
      "11823\n",
      "11675\n",
      "11064\n",
      "11202\n",
      "10374\n",
      "11910\n",
      "11685\n",
      "8391\n",
      "11977\n",
      "12022\n",
      "11426\n",
      "12124\n",
      "11988\n",
      "9582\n",
      "5775\n",
      "6107\n",
      "5417\n",
      "5490\n",
      "5678\n",
      "6171\n",
      "6051\n",
      "5041\n",
      "6143\n",
      "6169\n",
      "6107\n",
      "6171\n",
      "5847\n",
      "5396\n",
      "5916\n",
      "6618\n",
      "5835\n",
      "5908\n",
      "6195\n",
      "6604\n",
      "6418\n",
      "5518\n",
      "6580\n",
      "6627\n",
      "6594\n",
      "6668\n",
      "6220\n",
      "5911\n",
      "11520\n",
      "12418\n",
      "11093\n",
      "11367\n",
      "11380\n",
      "12160\n",
      "12293\n",
      "10219\n",
      "11727\n",
      "12670\n",
      "12259\n",
      "12820\n",
      "12423\n",
      "10024\n",
      "11922\n",
      "11994\n",
      "11450\n",
      "11468\n",
      "11612\n",
      "12074\n",
      "11956\n",
      "10999\n",
      "12215\n",
      "12298\n",
      "11904\n",
      "12304\n",
      "12150\n",
      "10873\n",
      "6082\n",
      "6150\n",
      "6019\n",
      "6082\n",
      "6058\n",
      "6186\n",
      "6119\n",
      "5793\n",
      "6188\n",
      "6188\n",
      "6188\n",
      "6188\n",
      "6142\n",
      "5761\n",
      "5805\n",
      "6075\n",
      "5901\n",
      "5942\n",
      "5860\n",
      "6085\n",
      "5971\n",
      "5666\n",
      "6081\n",
      "6090\n",
      "6145\n",
      "6131\n",
      "6030\n",
      "5563\n",
      "6040\n",
      "6239\n",
      "6038\n",
      "6046\n",
      "6098\n",
      "6152\n",
      "6206\n",
      "5875\n",
      "6083\n",
      "6230\n",
      "6202\n",
      "6239\n",
      "6128\n",
      "5469\n",
      "5832\n",
      "6296\n",
      "5859\n",
      "5930\n",
      "5964\n",
      "6306\n",
      "6220\n",
      "5724\n",
      "6249\n",
      "6293\n",
      "6309\n",
      "6310\n",
      "6085\n",
      "5589\n",
      "5706\n",
      "5786\n",
      "5321\n",
      "5361\n",
      "4989\n",
      "6103\n",
      "5648\n",
      "4008\n",
      "6049\n",
      "6088\n",
      "5853\n",
      "6214\n",
      "6125\n",
      "5030\n",
      "5790\n",
      "6018\n",
      "5627\n",
      "5619\n",
      "5263\n",
      "5775\n",
      "5970\n",
      "4821\n",
      "5879\n",
      "5930\n",
      "5716\n",
      "6011\n",
      "5943\n",
      "5043\n",
      "6022\n",
      "5415\n",
      "5068\n",
      "5541\n",
      "320\n",
      "452\n",
      "4\n",
      "[overwrite: False] ==> Loading 3DHP cam_3d...\n",
      "4\n",
      "[overwrite: False] ==> Loading 3DHP img_2d...\n"
     ]
    },
    {
     "name": "stderr",
     "output_type": "stream",
     "text": [
      "\n"
     ]
    }
   ],
   "source": [
    "data_type_list = [\n",
    "     'source_list', 'cam_param', \n",
    "     'cam_3d', 'img_2d',\n",
    "]\n",
    "overwrite_list = ['cam_param'] # ['cam_param', 'img_2d']\n",
    "dataset_name = '3dhp'\n",
    "data_aug = default_data_aug.copy()\n",
    "data = load_data_dict(dataset_name, data_type_list, overwrite_list, verbose=True, data_aug=data_aug, univ=False)"
   ]
  },
  {
   "cell_type": "code",
   "execution_count": 8,
   "metadata": {},
   "outputs": [
    {
     "data": {
      "text/plain": [
       "{'S1': {'Seq1': {'cam0': {'W': 2048.0,\n",
       "    'H': 2048.0,\n",
       "    'intrinsic': array([[1.497693e+03, 0.000000e+00, 1.024704e+03],\n",
       "           [0.000000e+00, 1.497103e+03, 1.051394e+03],\n",
       "           [0.000000e+00, 0.000000e+00, 1.000000e+00]]),\n",
       "    'R': array([[ 0.9650164 ,  0.00488022,  0.262144  ],\n",
       "           [-0.00448836, -0.9993728 ,  0.0351275 ],\n",
       "           [ 0.262151  , -0.03507521, -0.9643893 ]]),\n",
       "    't': array([-0.5628666,  1.398138 ,  3.852623 ]),\n",
       "    'C': array([-0.46051813,  1.53513956,  3.81386741]),\n",
       "    'extrinsic': array([[ 0.9650164 ,  0.00488022,  0.262144  , -0.5628666 ],\n",
       "           [-0.00448836, -0.9993728 ,  0.0351275 ,  1.398138  ],\n",
       "           [ 0.262151  , -0.03507521, -0.9643893 ,  3.852623  ]]),\n",
       "    'num_frames': 15245755},\n",
       "   'cam1': {'W': 2048.0,\n",
       "    'H': 2048.0,\n",
       "    'intrinsic': array([[1.495217e+03, 0.000000e+00, 1.030519e+03],\n",
       "           [0.000000e+00, 1.495520e+03, 1.052626e+03],\n",
       "           [0.000000e+00, 0.000000e+00, 1.000000e+00]]),\n",
       "    'R': array([[ 0.6050639 , -0.02184232,  0.7958773 ],\n",
       "           [-0.22647   , -0.9630526 ,  0.1457429 ],\n",
       "           [ 0.7632883 , -0.2684261 , -0.587655  ]]),\n",
       "    't': array([-1.429856 ,  0.7381779,  4.897966 ]),\n",
       "    'C': array([-2.70623074,  1.99441468,  3.90871995]),\n",
       "    'extrinsic': array([[ 0.6050639 , -0.02184232,  0.7958773 , -1.429856  ],\n",
       "           [-0.22647   , -0.9630526 ,  0.1457429 ,  0.7381779 ],\n",
       "           [ 0.7632883 , -0.2684261 , -0.587655  ,  4.897966  ]]),\n",
       "    'num_frames': 19583242},\n",
       "   'cam2': {'W': 2048.0,\n",
       "    'H': 2048.0,\n",
       "    'intrinsic': array([[1.495587e+03, 0.000000e+00, 9.838873e+02],\n",
       "           [0.000000e+00, 1.497828e+03, 9.875902e+02],\n",
       "           [0.000000e+00, 0.000000e+00, 1.000000e+00]]),\n",
       "    'R': array([[-0.3608179 , -0.00949266,  0.932588  ],\n",
       "           [-0.0585942 , -0.9977421 , -0.03282591],\n",
       "           [ 0.9307939 , -0.06648842,  0.359447  ]]),\n",
       "    't': array([0.05725702, 1.307287  , 2.799822  ]),\n",
       "    'C': array([-2.50879845,  1.49103454, -1.01687194]),\n",
       "    'extrinsic': array([[-0.3608179 , -0.00949266,  0.932588  ,  0.05725702],\n",
       "           [-0.0585942 , -0.9977421 , -0.03282591,  1.307287  ],\n",
       "           [ 0.9307939 , -0.06648842,  0.359447  ,  2.799822  ]]),\n",
       "    'num_frames': 17395906},\n",
       "   'cam3': {'W': 2048.0,\n",
       "    'H': 2048.0,\n",
       "    'intrinsic': array([[1.495886e+03, 0.000000e+00, 1.029060e+03],\n",
       "           [0.000000e+00, 1.496033e+03, 1.041409e+03],\n",
       "           [0.000000e+00, 0.000000e+00, 1.000000e+00]]),\n",
       "    'R': array([[-0.0721105 , -0.04817664,  0.9962325 ],\n",
       "           [-0.4393254 , -0.8951841 , -0.07508985],\n",
       "           [ 0.895429  , -0.443085  ,  0.04338695]]),\n",
       "    't': array([-0.2848168,  0.8079184,  3.17716  ]),\n",
       "    'C': array([-2.51052041,  2.11726613,  0.20656294]),\n",
       "    'extrinsic': array([[-0.0721105 , -0.04817664,  0.9962325 , -0.2848168 ],\n",
       "           [-0.4393254 , -0.8951841 , -0.07508985,  0.8079184 ],\n",
       "           [ 0.895429  , -0.443085  ,  0.04338695,  3.17716   ]]),\n",
       "    'num_frames': 17599447},\n",
       "   'cam4': {'W': 2048.0,\n",
       "    'H': 2048.0,\n",
       "    'intrinsic': array([[1.490952e+03, 0.000000e+00, 9.876075e+02],\n",
       "           [0.000000e+00, 1.491108e+03, 1.019069e+03],\n",
       "           [0.000000e+00, 0.000000e+00, 1.000000e+00]]),\n",
       "    'R': array([[ 0.3737275 ,  0.09688602,  0.9224646 ],\n",
       "           [-0.00971613, -0.9940662 ,  0.1083427 ],\n",
       "           [ 0.9274878 , -0.04945343, -0.3705685 ]]),\n",
       "    't': array([-1.563911 ,  0.8019608,  3.517316 ]),\n",
       "    'C': array([-2.66999917,  1.12266658,  2.65917245]),\n",
       "    'extrinsic': array([[ 0.3737275 ,  0.09688602,  0.9224646 , -1.563911  ],\n",
       "           [-0.00971613, -0.9940662 ,  0.1083427 ,  0.8019608 ],\n",
       "           [ 0.9274878 , -0.04945343, -0.3705685 ,  3.517316  ]]),\n",
       "    'num_frames': 17643632},\n",
       "   'cam5': {'W': 2048.0,\n",
       "    'H': 2048.0,\n",
       "    'intrinsic': array([[1.500414e+03, 0.000000e+00, 1.012331e+03],\n",
       "           [0.000000e+00, 1.499971e+03, 9.985009e+02],\n",
       "           [0.000000e+00, 0.000000e+00, 1.000000e+00]]),\n",
       "    'R': array([[-0.3521056 ,  0.01328985, -0.9358659 ],\n",
       "           [-0.04961938, -0.9987582 ,  0.00448563],\n",
       "           [-0.9346441 ,  0.0480165 ,  0.3523278 ]]),\n",
       "    't': array([0.3584134, 0.9945658, 3.439832 ]),\n",
       "    'C': array([ 3.39056779,  0.82339879, -0.88098281]),\n",
       "    'extrinsic': array([[-0.3521056 ,  0.01328985, -0.9358659 ,  0.3584134 ],\n",
       "           [-0.04961938, -0.9987582 ,  0.00448563,  0.9945658 ],\n",
       "           [-0.9346441 ,  0.0480165 ,  0.3523278 ,  3.439832  ]]),\n",
       "    'num_frames': 17715410},\n",
       "   'cam6': {'W': 2048.0,\n",
       "    'H': 2048.0,\n",
       "    'intrinsic': array([[1.498471e+03, 0.000000e+00, 9.997319e+02],\n",
       "           [0.000000e+00, 1.498800e+03, 1.010251e+03],\n",
       "           [0.000000e+00, 0.000000e+00, 1.000000e+00]]),\n",
       "    'R': array([[-0.9150326 , -0.04843184,  0.4004618 ],\n",
       "           [-0.1804886 , -0.8386868 , -0.5138369 ],\n",
       "           [ 0.3607481 , -0.5424563 ,  0.7586845 ]]),\n",
       "    't': array([0.5694388, 0.528871 , 3.687369 ]),\n",
       "    'C': array([-0.71370111,  2.47137264, -2.75383476]),\n",
       "    'extrinsic': array([[-0.9150326 , -0.04843184,  0.4004618 ,  0.5694388 ],\n",
       "           [-0.1804886 , -0.8386868 , -0.5138369 ,  0.528871  ],\n",
       "           [ 0.3607481 , -0.5424563 ,  0.7586845 ,  3.687369  ]]),\n",
       "    'num_frames': 19697974},\n",
       "   'cam7': {'W': 2048.0,\n",
       "    'H': 2048.0,\n",
       "    'intrinsic': array([[1.498831e+03, 0.000000e+00, 9.872716e+02],\n",
       "           [0.000000e+00, 1.499674e+03, 9.768773e+02],\n",
       "           [0.000000e+00, 0.000000e+00, 1.000000e+00]]),\n",
       "    'R': array([[-0.9995936 ,  0.02847456,  0.00136865],\n",
       "           [-0.02843213, -0.9992908 ,  0.0246889 ],\n",
       "           [ 0.00207069,  0.02463995,  0.9996943 ]]),\n",
       "    't': array([1.378866, 1.270781, 2.631567]),\n",
       "    'C': array([ 1.40898749,  1.16577548, -2.6640239 ]),\n",
       "    'extrinsic': array([[-9.995936e-01,  2.847456e-02,  1.368653e-03,  1.378866e+00],\n",
       "           [-2.843213e-02, -9.992908e-01,  2.468890e-02,  1.270781e+00],\n",
       "           [ 2.070688e-03,  2.463995e-02,  9.996943e-01,  2.631567e+00]]),\n",
       "    'num_frames': 16013974},\n",
       "   'cam8': {'W': 2048.0,\n",
       "    'H': 2048.0,\n",
       "    'intrinsic': array([[1.500172e+03, 0.000000e+00, 1.017387e+03],\n",
       "           [0.000000e+00, 1.500837e+03, 1.043032e+03],\n",
       "           [0.000000e+00, 0.000000e+00, 1.000000e+00]]),\n",
       "    'R': array([[ 5.752810e-04,  6.160985e-02, -9.981001e-01],\n",
       "           [ 2.082146e-01, -9.762325e-01, -6.013997e-02],\n",
       "           [-9.780830e-01, -2.077844e-01, -1.338968e-02]]),\n",
       "    't': array([0.2213543, 0.65987  , 3.644688 ]),\n",
       "    'C': array([3.42728546, 1.38785824, 0.30941952]),\n",
       "    'extrinsic': array([[ 5.752810e-04,  6.160985e-02, -9.981001e-01,  2.213543e-01],\n",
       "           [ 2.082146e-01, -9.762325e-01, -6.013997e-02,  6.598700e-01],\n",
       "           [-9.780830e-01, -2.077844e-01, -1.338968e-02,  3.644688e+00]]),\n",
       "    'num_frames': 15801924},\n",
       "   'cam9': {'W': 2048.0,\n",
       "    'H': 2048.0,\n",
       "    'intrinsic': array([[1.501554e+03, 0.000000e+00, 1.010423e+03],\n",
       "           [0.000000e+00, 1.501900e+03, 1.037096e+03],\n",
       "           [0.000000e+00, 0.000000e+00, 1.000000e+00]]),\n",
       "    'R': array([[ 0.04176839,  0.00780962, -0.9990969 ],\n",
       "           [ 0.5555364 , -0.831324  ,  0.01672664],\n",
       "           [-0.8304425 , -0.5557333 , -0.03906159]]),\n",
       "    't': array([0.3886217, 0.1375452, 4.216635 ]),\n",
       "    'C': array([3.40902944, 2.45463412, 0.55067853]),\n",
       "    'extrinsic': array([[ 0.04176839,  0.00780962, -0.9990969 ,  0.3886217 ],\n",
       "           [ 0.5555364 , -0.831324  ,  0.01672664,  0.1375452 ],\n",
       "           [-0.8304425 , -0.5557333 , -0.03906159,  4.216635  ]]),\n",
       "    'num_frames': 16382222},\n",
       "   'cam10': {'W': 2048.0,\n",
       "    'H': 2048.0,\n",
       "    'intrinsic': array([[1.498423e+03, 0.000000e+00, 1.041614e+03],\n",
       "           [0.000000e+00, 1.498585e+03, 9.970433e+02],\n",
       "           [0.000000e+00, 0.000000e+00, 1.000000e+00]]),\n",
       "    'R': array([[-0.8970265 ,  0.1361548 , -0.4204822 ],\n",
       "           [ 0.09417118, -0.8706428 , -0.4828178 ],\n",
       "           [-0.4318278 , -0.4726976 ,  0.7681679 ]]),\n",
       "    't': array([1.167962 , 0.6176362, 4.472351 ]),\n",
       "    'C': array([ 2.92081483,  2.49278646, -2.64620349]),\n",
       "    'extrinsic': array([[-0.8970265 ,  0.1361548 , -0.4204822 ,  1.167962  ],\n",
       "           [ 0.09417118, -0.8706428 , -0.4828178 ,  0.6176362 ],\n",
       "           [-0.4318278 , -0.4726976 ,  0.7681679 ,  4.472351  ]]),\n",
       "    'num_frames': 20393320},\n",
       "   'cam11': {'W': 2048.0,\n",
       "    'H': 2048.0,\n",
       "    'intrinsic': array([[1.495779e+03, 0.000000e+00, 1.009802e+03],\n",
       "           [0.000000e+00, 1.493703e+03, 9.999984e+02],\n",
       "           [0.000000e+00, 0.000000e+00, 1.000000e+00]]),\n",
       "    'R': array([[ 0.9170455,  0.1972746, -0.3465695],\n",
       "           [ 0.1720879,  0.5882171,  0.7901813],\n",
       "           [ 0.3597408, -0.7842726,  0.5054733]]),\n",
       "    't': array([0.1348272, 0.2515094, 4.570244 ]),\n",
       "    'C': array([-1.81102763,  3.40977703, -2.46214735]),\n",
       "    'extrinsic': array([[ 0.9170455,  0.1972746, -0.3465695,  0.1348272],\n",
       "           [ 0.1720879,  0.5882171,  0.7901813,  0.2515094],\n",
       "           [ 0.3597408, -0.7842726,  0.5054733,  4.570244 ]]),\n",
       "    'num_frames': 18418614},\n",
       "   'cam12': {'W': 2048.0,\n",
       "    'H': 2048.0,\n",
       "    'intrinsic': array([[1.501326e+03, 0.000000e+00, 1.000560e+03],\n",
       "           [0.000000e+00, 1.501491e+03, 1.014975e+03],\n",
       "           [0.000000e+00, 0.000000e+00, 1.000000e+00]]),\n",
       "    'R': array([[-0.7926738,  0.1323657,  0.5951031],\n",
       "           [-0.396246 ,  0.6299778, -0.66792  ],\n",
       "           [-0.4633114, -0.7652499, -0.4469175]]),\n",
       "    't': array([0.4124695, 0.5327588, 4.887095 ]),\n",
       "    'C': array([2.80230414, 3.34962593, 2.29450666]),\n",
       "    'extrinsic': array([[-0.7926738,  0.1323657,  0.5951031,  0.4124695],\n",
       "           [-0.396246 ,  0.6299778, -0.66792  ,  0.5327588],\n",
       "           [-0.4633114, -0.7652499, -0.4469175,  4.887095 ]]),\n",
       "    'num_frames': 18539782},\n",
       "   'cam13': {'W': 2048.0,\n",
       "    'H': 2048.0,\n",
       "    'intrinsic': array([[1.496961e+03, 0.000000e+00, 1.005702e+03],\n",
       "           [0.000000e+00, 1.497378e+03, 1.004214e+03],\n",
       "           [0.000000e+00, 0.000000e+00, 1.000000e+00]]),\n",
       "    'R': array([[-0.8701088 , -0.09522671, -0.4835728 ],\n",
       "           [ 0.4120245 ,  0.3978655 , -0.8197188 ],\n",
       "           [ 0.270456  , -0.9124883 , -0.3069505 ]]),\n",
       "    't': array([0.8671278, 0.8274572, 3.985159 ]),\n",
       "    'C': array([-0.66424727,  3.38976802,  2.32084819]),\n",
       "    'extrinsic': array([[-0.8701088 , -0.09522671, -0.4835728 ,  0.8671278 ],\n",
       "           [ 0.4120245 ,  0.3978655 , -0.8197188 ,  0.8274572 ],\n",
       "           [ 0.270456  , -0.9124883 , -0.3069505 ,  3.985159  ]]),\n",
       "    'num_frames': 15056869}},\n",
       "  'Seq2': {'cam0': {'W': 2048.0,\n",
       "    'H': 2048.0,\n",
       "    'intrinsic': array([[1.497693e+03, 0.000000e+00, 1.024704e+03],\n",
       "           [0.000000e+00, 1.497103e+03, 1.051394e+03],\n",
       "           [0.000000e+00, 0.000000e+00, 1.000000e+00]]),\n",
       "    'R': array([[ 0.9650164 ,  0.00488022,  0.262144  ],\n",
       "           [-0.00448836, -0.9993728 ,  0.0351275 ],\n",
       "           [ 0.262151  , -0.03507521, -0.9643893 ]]),\n",
       "    't': array([-0.5628666,  1.398138 ,  3.852623 ]),\n",
       "    'C': array([-0.46051813,  1.53513956,  3.81386741]),\n",
       "    'extrinsic': array([[ 0.9650164 ,  0.00488022,  0.262144  , -0.5628666 ],\n",
       "           [-0.00448836, -0.9993728 ,  0.0351275 ,  1.398138  ],\n",
       "           [ 0.262151  , -0.03507521, -0.9643893 ,  3.852623  ]]),\n",
       "    'num_frames': 65028128},\n",
       "   'cam1': {'W': 2048.0,\n",
       "    'H': 2048.0,\n",
       "    'intrinsic': array([[1.495217e+03, 0.000000e+00, 1.030519e+03],\n",
       "           [0.000000e+00, 1.495520e+03, 1.052626e+03],\n",
       "           [0.000000e+00, 0.000000e+00, 1.000000e+00]]),\n",
       "    'R': array([[ 0.6050639 , -0.02184232,  0.7958773 ],\n",
       "           [-0.22647   , -0.9630526 ,  0.1457429 ],\n",
       "           [ 0.7632883 , -0.2684261 , -0.587655  ]]),\n",
       "    't': array([-1.429856 ,  0.7381779,  4.897966 ]),\n",
       "    'C': array([-2.70623074,  1.99441468,  3.90871995]),\n",
       "    'extrinsic': array([[ 0.6050639 , -0.02184232,  0.7958773 , -1.429856  ],\n",
       "           [-0.22647   , -0.9630526 ,  0.1457429 ,  0.7381779 ],\n",
       "           [ 0.7632883 , -0.2684261 , -0.587655  ,  4.897966  ]]),\n",
       "    'num_frames': 73201897},\n",
       "   'cam2': {'W': 2048.0,\n",
       "    'H': 2048.0,\n",
       "    'intrinsic': array([[1.495587e+03, 0.000000e+00, 9.838873e+02],\n",
       "           [0.000000e+00, 1.497828e+03, 9.875902e+02],\n",
       "           [0.000000e+00, 0.000000e+00, 1.000000e+00]]),\n",
       "    'R': array([[-0.3608179 , -0.00949266,  0.932588  ],\n",
       "           [-0.0585942 , -0.9977421 , -0.03282591],\n",
       "           [ 0.9307939 , -0.06648842,  0.359447  ]]),\n",
       "    't': array([0.05725702, 1.307287  , 2.799822  ]),\n",
       "    'C': array([-2.50879845,  1.49103454, -1.01687194]),\n",
       "    'extrinsic': array([[-0.3608179 , -0.00949266,  0.932588  ,  0.05725702],\n",
       "           [-0.0585942 , -0.9977421 , -0.03282591,  1.307287  ],\n",
       "           [ 0.9307939 , -0.06648842,  0.359447  ,  2.799822  ]]),\n",
       "    'num_frames': 64342139},\n",
       "   'cam3': {'W': 2048.0,\n",
       "    'H': 2048.0,\n",
       "    'intrinsic': array([[1.495886e+03, 0.000000e+00, 1.029060e+03],\n",
       "           [0.000000e+00, 1.496033e+03, 1.041409e+03],\n",
       "           [0.000000e+00, 0.000000e+00, 1.000000e+00]]),\n",
       "    'R': array([[-0.0721105 , -0.04817664,  0.9962325 ],\n",
       "           [-0.4393254 , -0.8951841 , -0.07508985],\n",
       "           [ 0.895429  , -0.443085  ,  0.04338695]]),\n",
       "    't': array([-0.2848168,  0.8079184,  3.17716  ]),\n",
       "    'C': array([-2.51052041,  2.11726613,  0.20656294]),\n",
       "    'extrinsic': array([[-0.0721105 , -0.04817664,  0.9962325 , -0.2848168 ],\n",
       "           [-0.4393254 , -0.8951841 , -0.07508985,  0.8079184 ],\n",
       "           [ 0.895429  , -0.443085  ,  0.04338695,  3.17716   ]]),\n",
       "    'num_frames': 63938349},\n",
       "   'cam4': {'W': 2048.0,\n",
       "    'H': 2048.0,\n",
       "    'intrinsic': array([[1.490952e+03, 0.000000e+00, 9.876075e+02],\n",
       "           [0.000000e+00, 1.491108e+03, 1.019069e+03],\n",
       "           [0.000000e+00, 0.000000e+00, 1.000000e+00]]),\n",
       "    'R': array([[ 0.3737275 ,  0.09688602,  0.9224646 ],\n",
       "           [-0.00971613, -0.9940662 ,  0.1083427 ],\n",
       "           [ 0.9274878 , -0.04945343, -0.3705685 ]]),\n",
       "    't': array([-1.563911 ,  0.8019608,  3.517316 ]),\n",
       "    'C': array([-2.66999917,  1.12266658,  2.65917245]),\n",
       "    'extrinsic': array([[ 0.3737275 ,  0.09688602,  0.9224646 , -1.563911  ],\n",
       "           [-0.00971613, -0.9940662 ,  0.1083427 ,  0.8019608 ],\n",
       "           [ 0.9274878 , -0.04945343, -0.3705685 ,  3.517316  ]]),\n",
       "    'num_frames': 68280674},\n",
       "   'cam5': {'W': 2048.0,\n",
       "    'H': 2048.0,\n",
       "    'intrinsic': array([[1.500414e+03, 0.000000e+00, 1.012331e+03],\n",
       "           [0.000000e+00, 1.499971e+03, 9.985009e+02],\n",
       "           [0.000000e+00, 0.000000e+00, 1.000000e+00]]),\n",
       "    'R': array([[-0.3521056 ,  0.01328985, -0.9358659 ],\n",
       "           [-0.04961938, -0.9987582 ,  0.00448563],\n",
       "           [-0.9346441 ,  0.0480165 ,  0.3523278 ]]),\n",
       "    't': array([0.3584134, 0.9945658, 3.439832 ]),\n",
       "    'C': array([ 3.39056779,  0.82339879, -0.88098281]),\n",
       "    'extrinsic': array([[-0.3521056 ,  0.01328985, -0.9358659 ,  0.3584134 ],\n",
       "           [-0.04961938, -0.9987582 ,  0.00448563,  0.9945658 ],\n",
       "           [-0.9346441 ,  0.0480165 ,  0.3523278 ,  3.439832  ]]),\n",
       "    'num_frames': 73561911},\n",
       "   'cam6': {'W': 2048.0,\n",
       "    'H': 2048.0,\n",
       "    'intrinsic': array([[1.498471e+03, 0.000000e+00, 9.997319e+02],\n",
       "           [0.000000e+00, 1.498800e+03, 1.010251e+03],\n",
       "           [0.000000e+00, 0.000000e+00, 1.000000e+00]]),\n",
       "    'R': array([[-0.9150326 , -0.04843184,  0.4004618 ],\n",
       "           [-0.1804886 , -0.8386868 , -0.5138369 ],\n",
       "           [ 0.3607481 , -0.5424563 ,  0.7586845 ]]),\n",
       "    't': array([0.5694388, 0.528871 , 3.687369 ]),\n",
       "    'C': array([-0.71370111,  2.47137264, -2.75383476]),\n",
       "    'extrinsic': array([[-0.9150326 , -0.04843184,  0.4004618 ,  0.5694388 ],\n",
       "           [-0.1804886 , -0.8386868 , -0.5138369 ,  0.528871  ],\n",
       "           [ 0.3607481 , -0.5424563 ,  0.7586845 ,  3.687369  ]]),\n",
       "    'num_frames': 72608132},\n",
       "   'cam7': {'W': 2048.0,\n",
       "    'H': 2048.0,\n",
       "    'intrinsic': array([[1.498831e+03, 0.000000e+00, 9.872716e+02],\n",
       "           [0.000000e+00, 1.499674e+03, 9.768773e+02],\n",
       "           [0.000000e+00, 0.000000e+00, 1.000000e+00]]),\n",
       "    'R': array([[-0.9995936 ,  0.02847456,  0.00136865],\n",
       "           [-0.02843213, -0.9992908 ,  0.0246889 ],\n",
       "           [ 0.00207069,  0.02463995,  0.9996943 ]]),\n",
       "    't': array([1.378866, 1.270781, 2.631567]),\n",
       "    'C': array([ 1.40898749,  1.16577548, -2.6640239 ]),\n",
       "    'extrinsic': array([[-9.995936e-01,  2.847456e-02,  1.368653e-03,  1.378866e+00],\n",
       "           [-2.843213e-02, -9.992908e-01,  2.468890e-02,  1.270781e+00],\n",
       "           [ 2.070688e-03,  2.463995e-02,  9.996943e-01,  2.631567e+00]]),\n",
       "    'num_frames': 64016584},\n",
       "   'cam8': {'W': 2048.0,\n",
       "    'H': 2048.0,\n",
       "    'intrinsic': array([[1.500172e+03, 0.000000e+00, 1.017387e+03],\n",
       "           [0.000000e+00, 1.500837e+03, 1.043032e+03],\n",
       "           [0.000000e+00, 0.000000e+00, 1.000000e+00]]),\n",
       "    'R': array([[ 5.752810e-04,  6.160985e-02, -9.981001e-01],\n",
       "           [ 2.082146e-01, -9.762325e-01, -6.013997e-02],\n",
       "           [-9.780830e-01, -2.077844e-01, -1.338968e-02]]),\n",
       "    't': array([0.2213543, 0.65987  , 3.644688 ]),\n",
       "    'C': array([3.42728546, 1.38785824, 0.30941952]),\n",
       "    'extrinsic': array([[ 5.752810e-04,  6.160985e-02, -9.981001e-01,  2.213543e-01],\n",
       "           [ 2.082146e-01, -9.762325e-01, -6.013997e-02,  6.598700e-01],\n",
       "           [-9.780830e-01, -2.077844e-01, -1.338968e-02,  3.644688e+00]]),\n",
       "    'num_frames': 70765596},\n",
       "   'cam9': {'W': 2048.0,\n",
       "    'H': 2048.0,\n",
       "    'intrinsic': array([[1.501554e+03, 0.000000e+00, 1.010423e+03],\n",
       "           [0.000000e+00, 1.501900e+03, 1.037096e+03],\n",
       "           [0.000000e+00, 0.000000e+00, 1.000000e+00]]),\n",
       "    'R': array([[ 0.04176839,  0.00780962, -0.9990969 ],\n",
       "           [ 0.5555364 , -0.831324  ,  0.01672664],\n",
       "           [-0.8304425 , -0.5557333 , -0.03906159]]),\n",
       "    't': array([0.3886217, 0.1375452, 4.216635 ]),\n",
       "    'C': array([3.40902944, 2.45463412, 0.55067853]),\n",
       "    'extrinsic': array([[ 0.04176839,  0.00780962, -0.9990969 ,  0.3886217 ],\n",
       "           [ 0.5555364 , -0.831324  ,  0.01672664,  0.1375452 ],\n",
       "           [-0.8304425 , -0.5557333 , -0.03906159,  4.216635  ]]),\n",
       "    'num_frames': 72398248},\n",
       "   'cam10': {'W': 2048.0,\n",
       "    'H': 2048.0,\n",
       "    'intrinsic': array([[1.498423e+03, 0.000000e+00, 1.041614e+03],\n",
       "           [0.000000e+00, 1.498585e+03, 9.970433e+02],\n",
       "           [0.000000e+00, 0.000000e+00, 1.000000e+00]]),\n",
       "    'R': array([[-0.8970265 ,  0.1361548 , -0.4204822 ],\n",
       "           [ 0.09417118, -0.8706428 , -0.4828178 ],\n",
       "           [-0.4318278 , -0.4726976 ,  0.7681679 ]]),\n",
       "    't': array([1.167962 , 0.6176362, 4.472351 ]),\n",
       "    'C': array([ 2.92081483,  2.49278646, -2.64620349]),\n",
       "    'extrinsic': array([[-0.8970265 ,  0.1361548 , -0.4204822 ,  1.167962  ],\n",
       "           [ 0.09417118, -0.8706428 , -0.4828178 ,  0.6176362 ],\n",
       "           [-0.4318278 , -0.4726976 ,  0.7681679 ,  4.472351  ]]),\n",
       "    'num_frames': 74178539},\n",
       "   'cam11': {'W': 2048.0,\n",
       "    'H': 2048.0,\n",
       "    'intrinsic': array([[1.495779e+03, 0.000000e+00, 1.009802e+03],\n",
       "           [0.000000e+00, 1.493703e+03, 9.999984e+02],\n",
       "           [0.000000e+00, 0.000000e+00, 1.000000e+00]]),\n",
       "    'R': array([[ 0.9170455,  0.1972746, -0.3465695],\n",
       "           [ 0.1720879,  0.5882171,  0.7901813],\n",
       "           [ 0.3597408, -0.7842726,  0.5054733]]),\n",
       "    't': array([0.1348272, 0.2515094, 4.570244 ]),\n",
       "    'C': array([-1.81102763,  3.40977703, -2.46214735]),\n",
       "    'extrinsic': array([[ 0.9170455,  0.1972746, -0.3465695,  0.1348272],\n",
       "           [ 0.1720879,  0.5882171,  0.7901813,  0.2515094],\n",
       "           [ 0.3597408, -0.7842726,  0.5054733,  4.570244 ]]),\n",
       "    'num_frames': 72430141},\n",
       "   'cam12': {'W': 2048.0,\n",
       "    'H': 2048.0,\n",
       "    'intrinsic': array([[1.501326e+03, 0.000000e+00, 1.000560e+03],\n",
       "           [0.000000e+00, 1.501491e+03, 1.014975e+03],\n",
       "           [0.000000e+00, 0.000000e+00, 1.000000e+00]]),\n",
       "    'R': array([[-0.7926738,  0.1323657,  0.5951031],\n",
       "           [-0.396246 ,  0.6299778, -0.66792  ],\n",
       "           [-0.4633114, -0.7652499, -0.4469175]]),\n",
       "    't': array([0.4124695, 0.5327588, 4.887095 ]),\n",
       "    'C': array([2.80230414, 3.34962593, 2.29450666]),\n",
       "    'extrinsic': array([[-0.7926738,  0.1323657,  0.5951031,  0.4124695],\n",
       "           [-0.396246 ,  0.6299778, -0.66792  ,  0.5327588],\n",
       "           [-0.4633114, -0.7652499, -0.4469175,  4.887095 ]]),\n",
       "    'num_frames': 68682107},\n",
       "   'cam13': {'W': 2048.0,\n",
       "    'H': 2048.0,\n",
       "    'intrinsic': array([[1.496961e+03, 0.000000e+00, 1.005702e+03],\n",
       "           [0.000000e+00, 1.497378e+03, 1.004214e+03],\n",
       "           [0.000000e+00, 0.000000e+00, 1.000000e+00]]),\n",
       "    'R': array([[-0.8701088 , -0.09522671, -0.4835728 ],\n",
       "           [ 0.4120245 ,  0.3978655 , -0.8197188 ],\n",
       "           [ 0.270456  , -0.9124883 , -0.3069505 ]]),\n",
       "    't': array([0.8671278, 0.8274572, 3.985159 ]),\n",
       "    'C': array([-0.66424727,  3.38976802,  2.32084819]),\n",
       "    'extrinsic': array([[-0.8701088 , -0.09522671, -0.4835728 ,  0.8671278 ],\n",
       "           [ 0.4120245 ,  0.3978655 , -0.8197188 ,  0.8274572 ],\n",
       "           [ 0.270456  , -0.9124883 , -0.3069505 ,  3.985159  ]]),\n",
       "    'num_frames': 53965709}}},\n",
       " 'S2': {'Seq1': {'cam0': {'W': 2048.0,\n",
       "    'H': 2048.0,\n",
       "    'intrinsic': array([[1.497693e+03, 0.000000e+00, 1.024704e+03],\n",
       "           [0.000000e+00, 1.497103e+03, 1.051394e+03],\n",
       "           [0.000000e+00, 0.000000e+00, 1.000000e+00]]),\n",
       "    'R': array([[ 0.9650164 ,  0.00488022,  0.262144  ],\n",
       "           [-0.00448836, -0.9993728 ,  0.0351275 ],\n",
       "           [ 0.262151  , -0.03507521, -0.9643893 ]]),\n",
       "    't': array([-0.5628666,  1.398138 ,  3.852623 ]),\n",
       "    'C': array([-0.46051813,  1.53513956,  3.81386741]),\n",
       "    'extrinsic': array([[ 0.9650164 ,  0.00488022,  0.262144  , -0.5628666 ],\n",
       "           [-0.00448836, -0.9993728 ,  0.0351275 ,  1.398138  ],\n",
       "           [ 0.262151  , -0.03507521, -0.9643893 ,  3.852623  ]]),\n",
       "    'num_frames': 17151987},\n",
       "   'cam1': {'W': 2048.0,\n",
       "    'H': 2048.0,\n",
       "    'intrinsic': array([[1.495217e+03, 0.000000e+00, 1.030519e+03],\n",
       "           [0.000000e+00, 1.495520e+03, 1.052626e+03],\n",
       "           [0.000000e+00, 0.000000e+00, 1.000000e+00]]),\n",
       "    'R': array([[ 0.6050639 , -0.02184232,  0.7958773 ],\n",
       "           [-0.22647   , -0.9630526 ,  0.1457429 ],\n",
       "           [ 0.7632883 , -0.2684261 , -0.587655  ]]),\n",
       "    't': array([-1.429856 ,  0.7381779,  4.897966 ]),\n",
       "    'C': array([-2.70623074,  1.99441468,  3.90871995]),\n",
       "    'extrinsic': array([[ 0.6050639 , -0.02184232,  0.7958773 , -1.429856  ],\n",
       "           [-0.22647   , -0.9630526 ,  0.1457429 ,  0.7381779 ],\n",
       "           [ 0.7632883 , -0.2684261 , -0.587655  ,  4.897966  ]]),\n",
       "    'num_frames': 19676306},\n",
       "   'cam2': {'W': 2048.0,\n",
       "    'H': 2048.0,\n",
       "    'intrinsic': array([[1.495587e+03, 0.000000e+00, 9.838873e+02],\n",
       "           [0.000000e+00, 1.497828e+03, 9.875902e+02],\n",
       "           [0.000000e+00, 0.000000e+00, 1.000000e+00]]),\n",
       "    'R': array([[-0.3608179 , -0.00949266,  0.932588  ],\n",
       "           [-0.0585942 , -0.9977421 , -0.03282591],\n",
