Error1: 146.7177317263629
Error2: 98.16799223279406